OOD-shape-TOP-1:  0.7229601518026565
OOD-pose-TOP-1:  0.756198347107438
OOD-texture-TOP-1:  0.5551020408163265
OOD-context-TOP-1:  0.7656352863726136
OOD-weather-TOP-1:  0.7431578947368421
OOD-occlusion-TOP-1:  0.835543309798519
OOD-TOP-1:  0.7297661717723992
IID-TOP-1:  0.9076280041797283
